4.160810055242635030e+01
1.654642368549136267e+00
2.827451003369849669e+00
7.661787086118536649e-01
1.297771652020747846e+00
-2.206082671013217933e+01
5.476757634491879578e+00
2.674215638589727106e+00
6.992664929990149991e-01
1.248101999625724989e+00
8.645103211739728621e+00
1.466560657306679838e+00
5.068883535762711112e+00
8.609952188135003848e-01
1.615537575567439044e+00
-3.860513805981876345e+01
1.516484276491738559e+00
3.629309223721508548e+00
6.794695902170995172e-01
1.590354222626308323e+00
3.583134888533088702e+00
5.666320362831527291e+00
3.739351977286726747e+00
1.060414495217063102e+00
8.994356815482820178e-01
-8.293022097288597294e+00
-4.764194229359628707e+01
-4.008118003262185169e+01
1.673868135590012969e+02
1.102932133610975853e+02
3.020939672796847830e+01
2.915586826003904619e+00
3.508459929219848306e+01
1.407358627622103286e+00
4.892076121447698256e+01
2.200575784690649428e+01
5.467541326444030680e+00
2.617728452224337587e+00
6.999064232406391195e-01
1.200645565436989415e+00
1.721567787210280542e+01
1.482463481571382857e+00
4.054312549351808848e+00
6.169999458282681148e-01
1.440689638172336640e+00
1.157379269138521849e+00
3.708361476994003425e+00
3.377525697019008177e+00
6.599918841401347658e-01
9.091420205114066899e-01
2.785170168666217805e+00
1.349537381825925308e+00
-3.817801075983693893e-01
9.626719044182848739e-01
1.231236280120791449e+00
-2.814229475726055085e+01
2.766154928747248221e+00
6.500608855266212238e+00
1.550181440514759812e+00
1.576620085625906320e+01
4.105253530254709915e+01
-1.846392611041606528e+02
-2.586608281254381936e+01
1.101549117190935902e+02
1.231439779571565794e+02
-2.437431358039959051e+01
3.203122118500981941e+01
3.536517774016520121e+00
1.260599992266904223e+01
9.207439128706116360e-01
-1.932661357679040748e+01
1.781514616645881954e+00
2.656760240774411752e+00
7.690304375540001347e-01
1.140271264746284485e+00
