2.734772309392323564e+01
5.377409664833254777e-01
4.461326938025340638e+00
5.587519919371710664e-01
9.492508974473004013e-01
-2.551469802083237326e+01
5.362892537524388548e-01
4.456803673301862112e+00
5.351841554515447408e-01
9.233558889828478167e-01
7.225670665105429435e+00
2.443692556408668448e+00
1.099709513872495270e+00
4.451564569135377236e-01
1.597105290435021585e+00
1.248595030833485442e+00
-1.682869294976392283e+01
5.629894737139602701e-03
1.421200631315081750e+02
7.676953153180063882e-01
-2.950183147462207334e+00
4.270710850371845169e+00
2.362930236352680513e+00
8.433447660184540950e-01
7.619601895687209137e-01
-2.521761355145127581e+01
2.507632527623644858e+00
2.958600261396872710e+00
5.192548368525697899e-01
3.528007588157889618e+00
1.125597537657551683e+01
2.439572586484325623e+00
4.156062621873704899e+00
4.945717595488048901e-01
1.715589061033499174e+00
2.495494653764873050e+01
1.991853286527326627e+00
2.301907847037829580e+00
1.874791557154446897e+00
7.905588720685697846e-01
1.378549655480740626e+02
2.668701201694134717e+00
-6.250757747166405807e+02
6.329380465700166214e-01
-2.965323762874057820e+02
-7.233597286197667842e+00
3.257546395682620499e+00
8.745437811754086965e+01
4.956047672417606687e-01
-7.620065207038317112e+01
-2.115690517448210173e+01
-5.023268326472679846e+00
4.081213982179392019e+00
7.220678091105973806e+00
4.003662113295511027e+00
1.361610400847228064e+01
6.387973864909588073e+00
4.086081133759331863e+01
4.478955431087479067e-01
1.682279802629873444e+01
2.196393424648276849e+01
-1.453480693534314971e+00
4.536885120577675679e+01
1.809730206893618520e+00
3.345399571309817333e+01
-2.364232353697718736e+01
1.899681168657241903e+00
2.307563760222543170e+00
1.656736475354561922e+00
7.681723104661027923e-01
1.066529080685933017e+01
2.519608947910460639e+00
4.351188358431888226e+00
3.402724770361485351e+00
3.435102389222894903e+00
