4.184000000000000219e-02
4.184000000000000219e-02
4.184000000000000219e-02
4.184000000000000219e-02
4.184000000000000219e-02
4.184000000000000219e-02
4.184000000000000219e-02
4.184000000000000219e-02
4.184000000000000219e-02
4.184000000000000219e-02
4.184000000000000219e-02
4.184000000000000219e-02
4.184000000000000219e-02
4.184000000000000219e-02
4.184000000000000219e-02
4.184000000000000219e-02
4.184000000000000219e-02
4.184000000000000219e-02
4.184000000000000219e-02
4.184000000000000219e-02
1.817811181292227740e+00
2.147722528751559778e+00
2.136295050483384195e+00
1.639369353627424530e+00
2.479090893202724910e+00
2.157542570400873494e+00
2.031653388101060109e+00
1.945652023909816286e+00
1.667372169281995831e+00
1.582607700893455815e+00
1.687987446214570086e+00
1.645885962467995123e+00
2.328820640178627777e+00
2.218115690884929325e+00
2.188293854563440721e+00
1.836939039255609973e+00
2.252001874753390975e+00
1.892104717421913218e+00
2.372483834569287353e+00
1.943030978046890400e+00
5.402393717548405583e+00
5.712218726303833982e+00
3.525369239877697236e+00
7.209306506171030415e-01
2.189806865154156901e-01
4.097878407656136979e+00
5.555110537725562736e+00
3.235424301712237494e+00
9.076323644284555181e-01
3.558557287088047527e+00
2.177177826998336840e+00
2.555942154478380690e+00
5.535503580565844572e+00
5.279619035346211575e+00
1.362677021718319725e+00
5.781946546802781972e-01
2.322239520959910042e-01
3.793126061531444382e+00
1.178343319125023214e+00
5.534964160494918239e+00
