1.199999999999999956e+00
1.199999999999999956e+00
1.199999999999999956e+00
1.199999999999999956e+00
1.199999999999999956e+00
1.021694280008431516e-01
1.000000000000000056e-01
1.199999999999999956e+00
1.199999999999999956e+00
1.199999999999999956e+00
1.199999999999999956e+00
1.199999999999999956e+00
1.199999999999999956e+00
1.199999999999999956e+00
1.199999999999999956e+00
1.199999999999999956e+00
1.199999999999999956e+00
1.199999999999999956e+00
1.199999999999999956e+00
1.000000000000000056e-01
2.305912286416581303e+00
2.352165049423873278e+00
2.327573004312392335e+00
2.355929418688368582e+00
2.325921260570583460e+00
5.762714429154116580e+00
5.216060189965886273e+00
2.321182449316828045e+00
2.373142356258701735e+00
2.377129868753871555e+00
2.325445077919414238e+00
2.396704923496672190e+00
2.340607311801249590e+00
2.335419560270882045e+00
2.319648169529689774e+00
2.348801553551697729e+00
2.231715999655883298e+00
2.402500634585585271e+00
2.343096936116787266e+00
4.024929761497697989e+00
5.887725624956832160e-01
5.525235991595194296e-01
5.757110737306900816e-01
5.703423346255519499e-01
5.601527226443626661e-01
2.999999999999999889e-01
2.193237875539381765e+00
5.627666831396526126e-01
5.521994960880934888e-01
5.637303974533860451e-01
5.776052179454126412e-01
5.661602849701187212e-01
5.520472605080603001e-01
5.787967292772208117e-01
5.597439896415622451e-01
5.706774862490585631e-01
6.435066949394314673e-01
5.463630911056169825e-01
5.787687890841786142e-01
2.484268088423017051e+00
