1.199999999999999956e+00
1.199999999999999956e+00
1.199999999999999956e+00
2.422113287074071641e-01
1.000000000000000056e-01
1.199999999999999956e+00
7.243420459646422449e-01
4.983725027172990485e-01
1.182945292698411310e-01
1.199999999999999956e+00
1.199999999999999956e+00
8.165514750655737952e-01
1.199999999999999956e+00
1.199999999999999956e+00
1.199999999999999956e+00
1.199999999999999956e+00
1.199999999999999956e+00
1.199999999999999956e+00
5.077451679908899784e-01
1.199999999999999956e+00
2.186357353266389136e+00
2.194353471270109157e+00
2.183677843323190260e+00
6.280592324426661932e+00
3.217352327284547897e+00
2.177601857247121853e+00
1.865611222968748484e+00
5.051903382790123409e+00
2.926571914243383699e+00
2.167508597372031165e+00
2.199542285044670642e+00
1.731792882280012158e+00
2.181071039867302996e+00
2.188660896607104167e+00
2.179657188055043271e+00
2.210769154524006019e+00
2.191228939968229206e+00
1.201435853159933398e+00
5.754716040011985001e+00
1.398565742970248493e+00
2.999999999999999889e-01
2.999999999999999889e-01
2.999999999999999889e-01
5.023774178405694402e-01
2.435695058400344504e+00
2.999999999999999889e-01
2.167157021323581123e+00
3.000492252656016823e-01
2.597875746977517775e+00
2.999999999999999889e-01
2.999999999999999889e-01
1.829627978498027385e+00
2.999999999999999889e-01
2.999999999999999889e-01
2.999999999999999889e-01
2.999999999999999889e-01
2.999999999999999889e-01
7.750776285950811140e-01
4.315135401926835090e-01
6.775301265012171337e-01
