3.075247919716438960e-01
1.014889240432602202e+00
5.445654864013818042e-01
1.199999999999999956e+00
1.653551224801646236e-01
1.199999999999999956e+00
1.199999999999999956e+00
3.210534167906712866e-01
1.094514246712960270e+00
2.376130518814583148e-01
1.798469497446804621e-01
1.199999999999999956e+00
1.143542282357206563e+00
1.199999999999999956e+00
3.926941153878978907e-01
1.199999999999999956e+00
1.199999999999999956e+00
1.077645191870516550e+00
4.070608027566997578e-01
1.171023383205492818e+00
2.095074186252918746e+00
5.624164465725095541e-01
6.228260886689999332e+00
8.770304706876084211e-01
4.699506542507938534e+00
1.794721633236374014e+00
1.847169278275414772e+00
2.992807424286855422e+00
5.551269176601427713e-01
5.655159683194491471e+00
5.325206248253037344e+00
1.842737029827001161e+00
1.123538400243816238e+00
1.205300857226776490e+00
4.743748301813046631e+00
1.801940243303295830e+00
1.871402781778942925e+00
3.343220448354414787e-01
5.076781447208221110e+00
3.154384383113892909e-01
1.633470140468975984e+00
1.430750817729608659e+00
5.939931163649900814e-01
7.052998378728944084e-01
2.150508044484153558e+00
2.999999999999999889e-01
2.999999999999999889e-01
2.303085426460902863e+00
1.161466831927851606e+00
2.529926257394071509e+00
2.144660278353323957e+00
2.999999999999999889e-01
1.397253930556002777e+00
5.923723623400886096e-01
2.999999999999999889e-01
2.999999999999999889e-01
2.999999999999999889e-01
1.305615385693696950e+00
2.999999999999999889e-01
1.050432888614720950e+00
