4.402256987058670301e-01
4.353768732107914374e-01
7.706263815694671671e-01
-3.867384519544907473e-01
5.464449877071091421e-01
-4.875581258988917810e+00
9.650808313392600368e-01
4.797995060599421491e-01
3.585979604436184687e-01
4.936385760962884728e-01
9.876142965346446090e-01
2.528114552181981445e-01
9.554644620221248719e-01
7.205837280866727035e-01
2.862931780760440414e-01
8.853315531829364371e-01
8.204274227507242223e-01
8.195939224206365559e-01
2.687038398238000836e-01
4.700617534193349822e-01
7.350695602855717325e+00
1.763744093443251337e+00
2.348094541281747993e+00
4.336313660527162384e-01
2.003076055919891019e+00
4.891955194641154137e+00
4.066897827349830408e+00
1.894337293025899704e+00
5.459622148044211087e+00
2.472832188422644073e+00
6.163230710513767363e+00
2.183294707453502959e+00
3.665421895594352719e+00
8.541817512691851633e-01
1.926418478964396219e-01
7.296485269541111762e+00
4.938564495504454754e+00
5.354432565015018852e+00
2.490793326805025298e-01
-4.242303607288988587e+00
6.956471076901978634e+00
4.175096409363645122e+00
2.672209617765222145e-01
1.077808140720089014e+00
5.759723149902367112e+00
1.781692453971985834e+00
5.861241772463873900e+00
2.686601285237319559e+00
8.253981290454859732e+00
6.370244082116872875e+00
2.500265879863579066e+00
2.028486749828448676e-01
6.079952092632119331e+00
4.263058957306363084e+00
3.550488420308863802e+00
7.871691546257880034e+00
3.743932661651584226e+00
5.652441362669741176e-02
6.640975109545481203e+00
1.736574951174091552e+00
1.886671255360828692e+00
5.964892110091893684e+00
2.956585483587386598e+00
4.754412363930324403e+00
9.938120036892503784e-01
3.412795142428359796e+00
4.105393395905336362e+00
1.838287636279555493e+00
4.177638379619079245e+00
4.076836985070363844e-05
4.765741740619489519e+00
9.018912406747663368e-01
6.189468959388564340e-01
3.544776260261691903e+00
1.401951854309444911e+00
2.320662705636007850e+00
3.707159565146799451e+00
8.438049662554303332e-01
3.266371532180909476e-01
5.521217045113843369e+00
1.380872071001272516e+00
6.694458792125099755e-01
7.160496669719464968e-01
4.203892952398053495e+00
5.669962954158780377e+00
3.505098205699512803e+00
3.097202400066828787e+00
1.017138606897593167e+00
1.248985144706011852e+00
5.675023756752871407e+00
3.278325946317824702e+00
2.478810630701838491e+00
2.319922771619959079e+00
2.404662515276246637e+00
6.063817521669299992e+00
2.585774628711091871e+00
3.004465442215150439e+00
4.271583087042207794e+00
1.548401642636780373e+00
2.308391270742692569e+00
