-1.089235480773010352e+02
1.197044530693404738e+02
-1.017566165288386948e+00
9.420080135241843777e+01
2.394939247987317277e+00
1.079839224974630918e+00
-4.669127112694895776e-01
2.243610934170878757e+00
5.833866749415999031e-01
5.674278650763290299e-01
-6.461788238135324214e-01
-6.710758439111089713e-01
-6.543812713258102542e-01
2.334583658884225310e-01
1.245144651488209409e+00
5.923319244667239758e+01
-5.691994031396262699e+02
-3.919272970437620529e+02
2.370685269463776024e+02
-3.359968667981543433e+01
4.762227578679080153e+01
-7.701300185665236597e+01
-1.016007087938852305e+00
3.126358479344691546e+02
2.426519871848663357e+00
-1.081102899728236224e+02
-1.202967796805040512e+00
8.162407264131115880e+02
2.417604003937088297e-01
2.290492922605653803e+02
6.068590938190883577e+00
2.221473671788364079e+00
-2.451867643696225008e-01
2.441625412617682400e+00
2.478834798509881754e+00
-2.430629288598697535e+00
1.936827720513808249e+00
1.805874824304075865e+00
2.730292450017945516e+00
1.289041465530841757e+00
-1.323428556027597125e+00
1.345249702672175252e+00
1.390757436628634880e-01
6.865950317895292976e-01
1.087963357193047376e+00
5.062326237972626375e-01
4.774945665047632959e-01
3.105818188143585790e+00
3.491633926691860013e-01
5.507716452080932967e-01
