2.121299999999882402e+03
1.918639999998400071e+03
5.363599999996572478e+02
4.804610000058452897e+03
2.669599999999022089e+02
1.192709999999060301e+03
1.154200000000221422e+02
1.044679999999194933e+03
6.903070000104257815e+03
5.422099999996519273e+02
1.549569999998735739e+03
3.717899999998068665e+02
4.582050000053594886e+03
1.411819999998861022e+03
4.465490000051050629e+03
1.971779999998351741e+03
2.335100000004549202e+03
1.131599999999115880e+03
7.884399999994279824e+02
5.975199999996016231e+02
